709487991235978557591
877407126505261122766
344249213675608398386
501809472318999065734
651497513635862931176
1058670786498530367606
665535096783088774452
535829337668861781844
1143615473319085904935
108242467847186317122
81875326438036724348
310154781395593487848
442465954618278664401
174235653148832970959
675212066010396548407
877122683019968253390
165169708278212305363
531356803546687815628
1037920244763422374600
879544386984261562230
808178237077025571788
765592469255325780210
842616019130987178647
544242928202479251341
535755889637956242819
1156854115163689357934
621702005349964282858
389108226943650917084
443862867812705841165
314068449609947520279
785880972544993037407
438066018832415250403
83115481519315611620
500574025310548474866
1169445103654260028300
543707033523590754707
303993893784878563838
674756246780274399760
567281945036834696313
1097105870560836791257
439360749875762573024
705972919299550573856
382520112520750464740
8374175379841316516
257508068018205637370
467417413358629646760
246077207157778125913
1061097078976635067826
1126409129591276706104
979526190681636078900
636433068216669224877
488890244664077563000
839074581671858895975
346759418790854640006
65397173585547883076
886441979737829806743
188133714862614675035
994991477927191936050
1145869287449162856501
186352257677605876797
145613027307854649344
1017644539409800818996
856512263702960590335
983092964965019355462
516991172340627851108
1122507911885451265265
831394178688346396268
634875880670533228217
269400339619717148074
360750897754489282866
600444139864648180917
1119446209989214983900
26506344407501503830
779702911640626774962
29739424288590489686
224048650050097281268
36313997763886983227
634669989436234900751
1108046085219776478221
604039623564081833081
175089888866214361679
857985924638817834005
1076846850174975872600
1033381433906483742087
214860807858706593660
661612627933949840480
1144012389417052082574
358133414199785631673
511153135397412568365
444092596743071232366
261367551780686227308
1015047985337038696858
532783661127990009929
125809823165831597283
368060798716487108729
1175450788915380598893
499105697847720389900
456858647848824363154
1101665714386188962586
68960611574070706870
